Some((
    red: 0.0,
    green: 0.3298381,
    blue: 0.6581827,
    alpha: 1.0,
))