Some((
    red: 0.18656904,
    green: 0.46491346,
    blue: 0.80315465,
))