Some((
    red: 0.35446683,
    green: 0.4147833,
    blue: 0.75657636,
))