Some((
    red: 0.8737391,
    green: 0.8726278,
    blue: 0.85706896,
    alpha: 1.0,
))